1 epoch:	0.7512190351493332	0.7567529093562049	0.6404324702164148	0.7837722419928825
2 epoch:	0.6557456736892691	0.7872878038364355	0.6377724532389736	0.7920284697508897
3 epoch:	0.6162250201365495	0.799352290117086	0.6251402934366864	0.799288256227758
4 epoch:	0.5945182292073448	0.806078508131962	0.6092034731234028	0.801423487544484
5 epoch:	0.5757371437535169	0.8115591302181572	0.5986272287899385	0.8078291814946619
6 epoch:	0.5609701954866496	0.8143706181714652	0.5693493435314017	0.8193594306049822
7 epoch:	0.5420569707627586	0.8209544823659205	0.5569913185141192	0.8166548042704627
8 epoch:	0.5349310477158978	0.8227694935762838	0.5656570519010226	0.8200711743772242
9 epoch:	0.5231172715772634	0.828677177123741	0.5734207906608764	0.8143772241992883
10 epoch:	0.5109044362995281	0.83170219580768	0.5723252818475777	0.8177935943060498
