1 epoch:	0.7420713801698109	0.7559699633438912	0.6399940203875303	0.7857651245551601
2 epoch:	0.629458245456083	0.7922701875511584	0.6281904085285285	0.7944483985765125
3 epoch:	0.570994673832174	0.8100288266486352	0.5769678544591773	0.8089679715302491
4 epoch:	0.5196152766599327	0.8240506779600697	0.6318514872342348	0.7834875444839857
5 epoch:	0.46932422312895683	0.8388554752838179	0.7015134274366904	0.7974377224199288
6 epoch:	0.41107207637621584	0.8567208797466102	0.6353061673146757	0.801423487544484
7 epoch:	0.3474413156000538	0.8750489341257696	0.7322855923324824	0.7735231316725979
8 epoch:	0.2813359814980658	0.8959393572725008	0.8473570945080031	0.7420640569395017
9 epoch:	0.22327551449552036	0.9192497953663832	0.8530077260326255	0.7790747330960854
10 epoch:	0.17636257956863535	0.9357272500800741	0.8679588167525997	0.7834875444839857
