1 epoch:	0.7305949253872898	0.761770881526033	0.667971873140986	0.7720996441281138
2 epoch:	0.6190259166797817	0.7964696252535678	0.5810664109928073	0.8076868327402136
3 epoch:	0.570723068344476	0.8116658955834727	0.564034199865537	0.8148042704626335
4 epoch:	0.5288949599258926	0.8235524395885975	0.6173539402999568	0.8076868327402136
5 epoch:	0.49026533800959077	0.8365422257019822	0.6770962952584265	0.7745195729537366
6 epoch:	0.460027097425602	0.8445496281006442	0.6151864735687212	0.811814946619217
7 epoch:	0.42413732855388014	0.8537670379728816	0.5987274933000338	0.8102491103202847
8 epoch:	0.39814384522936114	0.861027082814335	0.6467082672694167	0.8012811387900356
9 epoch:	0.3654317501730901	0.8707071426029396	0.6721040246302561	0.7847686832740214
10 epoch:	0.33789587109764563	0.8814548560446991	1.004580432924191	0.6444128113879004
